52.4500 -33.9500 0.0000
52.4500 -32.8892 0.0000
52.4500 -31.8285 0.0000
52.4500 -30.7677 0.0000
52.4500 -29.7069 0.0000
52.4500 -28.6462 0.0000
52.4500 -27.5854 0.0000
52.4500 -26.5246 0.0000
52.4500 -25.4638 0.0000
52.4500 -24.4031 0.0000
52.4500 -23.3423 0.0000
52.4500 -22.2815 0.0000
52.4500 -21.2208 0.0000
52.4500 -20.1600 0.0000
52.4500 -20.1600 0.0000
52.4500 -19.0600 0.0000
52.4500 -17.9600 0.0000
52.4500 -16.8600 0.0000
52.4500 -15.7600 0.0000
52.4500 -14.6600 0.0000
52.4500 -13.5600 0.0000
52.4500 -12.4600 0.0000
52.4500 -11.3600 0.0000
52.4500 -10.2600 0.0000
52.4500 -9.1600 0.0000
52.4500 -9.1600 0.0000
52.4500 -8.0824 0.0000
52.4500 -7.0047 0.0000
52.4500 -5.9271 0.0000
52.4500 -4.8494 0.0000
52.4500 -3.7718 0.0000
52.4500 -2.6941 0.0000
52.4500 -1.6165 0.0000
52.4500 -0.5388 0.0000
52.4500 0.5388 0.0000
52.4500 1.6165 0.0000
52.4500 2.6941 0.0000
52.4500 3.7718 0.0000
52.4500 4.8494 0.0000
52.4500 5.9271 0.0000
52.4500 7.0047 0.0000
52.4500 8.0824 0.0000
52.4500 9.1600 0.0000
52.4500 9.1600 0.0000
52.4500 10.2600 0.0000
52.4500 11.3600 0.0000
52.4500 12.4600 0.0000
52.4500 13.5600 0.0000
52.4500 14.6600 0.0000
52.4500 15.7600 0.0000
52.4500 16.8600 0.0000
52.4500 17.9600 0.0000
52.4500 19.0600 0.0000
52.4500 20.1600 0.0000
52.4500 20.1600 0.0000
52.4500 21.2208 0.0000
52.4500 22.2815 0.0000
52.4500 23.3423 0.0000
52.4500 24.4031 0.0000
52.4500 25.4638 0.0000
52.4500 26.5246 0.0000
52.4500 27.5854 0.0000
52.4500 28.6462 0.0000
52.4500 29.7069 0.0000
52.4500 30.7677 0.0000
52.4500 31.8285 0.0000
52.4500 32.8892 0.0000
52.4500 33.9500 0.0000
52.4500 -20.1600 0.0000
51.4188 -20.1600 0.0000
50.3875 -20.1600 0.0000
49.3563 -20.1600 0.0000
48.3250 -20.1600 0.0000
47.2938 -20.1600 0.0000
46.2625 -20.1600 0.0000
45.2313 -20.1600 0.0000
44.2000 -20.1600 0.0000
43.1688 -20.1600 0.0000
42.1375 -20.1600 0.0000
41.1063 -20.1600 0.0000
40.0750 -20.1600 0.0000
39.0438 -20.1600 0.0000
38.0125 -20.1600 0.0000
36.9813 -20.1600 0.0000
35.9500 -20.1600 0.0000
35.9500 -20.1600 0.0000
35.9500 -19.1262 0.0000
35.9500 -18.0923 0.0000
35.9500 -17.0585 0.0000
35.9500 -16.0246 0.0000
35.9500 -14.9908 0.0000
35.9500 -13.9569 0.0000
35.9500 -12.9231 0.0000
35.9500 -11.8892 0.0000
35.9500 -10.8554 0.0000
35.9500 -9.8215 0.0000
35.9500 -8.7877 0.0000
35.9500 -7.7538 0.0000
35.9500 -6.7200 0.0000
35.9500 -5.6862 0.0000
35.9500 -4.6523 0.0000
35.9500 -3.6185 0.0000
35.9500 -2.5846 0.0000
35.9500 -1.5508 0.0000
35.9500 -0.5169 0.0000
35.9500 0.5169 0.0000
35.9500 1.5508 0.0000
35.9500 2.5846 0.0000
35.9500 3.6185 0.0000
35.9500 4.6523 0.0000
35.9500 5.6862 0.0000
35.9500 6.7200 0.0000
35.9500 7.7538 0.0000
35.9500 8.7877 0.0000
35.9500 9.8215 0.0000
35.9500 10.8554 0.0000
35.9500 11.8892 0.0000
35.9500 12.9231 0.0000
35.9500 13.9569 0.0000
35.9500 14.9908 0.0000
35.9500 16.0246 0.0000
35.9500 17.0585 0.0000
35.9500 18.0923 0.0000
35.9500 19.1262 0.0000
35.9500 20.1600 0.0000
35.9500 20.1600 0.0000
36.9813 20.1600 0.0000
38.0125 20.1600 0.0000
39.0438 20.1600 0.0000
40.0750 20.1600 0.0000
41.1063 20.1600 0.0000
42.1375 20.1600 0.0000
43.1688 20.1600 0.0000
44.2000 20.1600 0.0000
45.2313 20.1600 0.0000
46.2625 20.1600 0.0000
47.2938 20.1600 0.0000
48.3250 20.1600 0.0000
49.3563 20.1600 0.0000
50.3875 20.1600 0.0000
51.4188 20.1600 0.0000
52.4500 20.1600 0.0000
52.4500 -9.1600 0.0000
51.3500 -9.1600 0.0000
50.2500 -9.1600 0.0000
49.1500 -9.1600 0.0000
48.0500 -9.1600 0.0000
46.9500 -9.1600 0.0000
46.9500 -9.1600 0.0000
46.9500 -8.0824 0.0000
46.9500 -7.0047 0.0000
46.9500 -5.9271 0.0000
46.9500 -4.8494 0.0000
46.9500 -3.7718 0.0000
46.9500 -2.6941 0.0000
46.9500 -1.6165 0.0000
46.9500 -0.5388 0.0000
46.9500 0.5388 0.0000
46.9500 1.6165 0.0000
46.9500 2.6941 0.0000
46.9500 3.7718 0.0000
46.9500 4.8494 0.0000
46.9500 5.9271 0.0000
46.9500 7.0047 0.0000
46.9500 8.0824 0.0000
46.9500 9.1600 0.0000
46.9500 9.1600 0.0000
48.0500 9.1600 0.0000
49.1500 9.1600 0.0000
50.2500 9.1600 0.0000
51.3500 9.1600 0.0000
52.4500 9.1600 0.0000
-52.4500 -33.9500 0.0000
-52.4500 -32.8892 0.0000
-52.4500 -31.8285 0.0000
-52.4500 -30.7677 0.0000
-52.4500 -29.7069 0.0000
-52.4500 -28.6462 0.0000
-52.4500 -27.5854 0.0000
-52.4500 -26.5246 0.0000
-52.4500 -25.4638 0.0000
-52.4500 -24.4031 0.0000
-52.4500 -23.3423 0.0000
-52.4500 -22.2815 0.0000
-52.4500 -21.2208 0.0000
-52.4500 -20.1600 0.0000
-52.4500 -20.1600 0.0000
-52.4500 -19.0600 0.0000
-52.4500 -17.9600 0.0000
-52.4500 -16.8600 0.0000
-52.4500 -15.7600 0.0000
-52.4500 -14.6600 0.0000
-52.4500 -13.5600 0.0000
-52.4500 -12.4600 0.0000
-52.4500 -11.3600 0.0000
-52.4500 -10.2600 0.0000
-52.4500 -9.1600 0.0000
-52.4500 -9.1600 0.0000
-52.4500 -8.0824 0.0000
-52.4500 -7.0047 0.0000
-52.4500 -5.9271 0.0000
-52.4500 -4.8494 0.0000
-52.4500 -3.7718 0.0000
-52.4500 -2.6941 0.0000
-52.4500 -1.6165 0.0000
-52.4500 -0.5388 0.0000
-52.4500 0.5388 0.0000
-52.4500 1.6165 0.0000
-52.4500 2.6941 0.0000
-52.4500 3.7718 0.0000
-52.4500 4.8494 0.0000
-52.4500 5.9271 0.0000
-52.4500 7.0047 0.0000
-52.4500 8.0824 0.0000
-52.4500 9.1600 0.0000
-52.4500 9.1600 0.0000
-52.4500 10.2600 0.0000
-52.4500 11.3600 0.0000
-52.4500 12.4600 0.0000
-52.4500 13.5600 0.0000
-52.4500 14.6600 0.0000
-52.4500 15.7600 0.0000
-52.4500 16.8600 0.0000
-52.4500 17.9600 0.0000
-52.4500 19.0600 0.0000
-52.4500 20.1600 0.0000
-52.4500 20.1600 0.0000
-52.4500 21.2208 0.0000
-52.4500 22.2815 0.0000
-52.4500 23.3423 0.0000
-52.4500 24.4031 0.0000
-52.4500 25.4638 0.0000
-52.4500 26.5246 0.0000
-52.4500 27.5854 0.0000
-52.4500 28.6462 0.0000
-52.4500 29.7069 0.0000
-52.4500 30.7677 0.0000
-52.4500 31.8285 0.0000
-52.4500 32.8892 0.0000
-52.4500 33.9500 0.0000
-52.4500 -20.1600 0.0000
-51.4188 -20.1600 0.0000
-50.3875 -20.1600 0.0000
-49.3563 -20.1600 0.0000
-48.3250 -20.1600 0.0000
-47.2938 -20.1600 0.0000
-46.2625 -20.1600 0.0000
-45.2313 -20.1600 0.0000
-44.2000 -20.1600 0.0000
-43.1688 -20.1600 0.0000
-42.1375 -20.1600 0.0000
-41.1063 -20.1600 0.0000
-40.0750 -20.1600 0.0000
-39.0438 -20.1600 0.0000
-38.0125 -20.1600 0.0000
-36.9813 -20.1600 0.0000
-35.9500 -20.1600 0.0000
-35.9500 -20.1600 0.0000
-35.9500 -19.1262 0.0000
-35.9500 -18.0923 0.0000
-35.9500 -17.0585 0.0000
-35.9500 -16.0246 0.0000
-35.9500 -14.9908 0.0000
-35.9500 -13.9569 0.0000
-35.9500 -12.9231 0.0000
-35.9500 -11.8892 0.0000
-35.9500 -10.8554 0.0000
-35.9500 -9.8215 0.0000
-35.9500 -8.7877 0.0000
-35.9500 -7.7538 0.0000
-35.9500 -6.7200 0.0000
-35.9500 -5.6862 0.0000
-35.9500 -4.6523 0.0000
-35.9500 -3.6185 0.0000
-35.9500 -2.5846 0.0000
-35.9500 -1.5508 0.0000
-35.9500 -0.5169 0.0000
-35.9500 0.5169 0.0000
-35.9500 1.5508 0.0000
-35.9500 2.5846 0.0000
-35.9500 3.6185 0.0000
-35.9500 4.6523 0.0000
-35.9500 5.6862 0.0000
-35.9500 6.7200 0.0000
-35.9500 7.7538 0.0000
-35.9500 8.7877 0.0000
-35.9500 9.8215 0.0000
-35.9500 10.8554 0.0000
-35.9500 11.8892 0.0000
-35.9500 12.9231 0.0000
-35.9500 13.9569 0.0000
-35.9500 14.9908 0.0000
-35.9500 16.0246 0.0000
-35.9500 17.0585 0.0000
-35.9500 18.0923 0.0000
-35.9500 19.1262 0.0000
-35.9500 20.1600 0.0000
-35.9500 20.1600 0.0000
-36.9813 20.1600 0.0000
-38.0125 20.1600 0.0000
-39.0438 20.1600 0.0000
-40.0750 20.1600 0.0000
-41.1063 20.1600 0.0000
-42.1375 20.1600 0.0000
-43.1688 20.1600 0.0000
-44.2000 20.1600 0.0000
-45.2313 20.1600 0.0000
-46.2625 20.1600 0.0000
-47.2938 20.1600 0.0000
-48.3250 20.1600 0.0000
-49.3563 20.1600 0.0000
-50.3875 20.1600 0.0000
-51.4188 20.1600 0.0000
-52.4500 20.1600 0.0000
-52.4500 -9.1600 0.0000
-51.3500 -9.1600 0.0000
-50.2500 -9.1600 0.0000
-49.1500 -9.1600 0.0000
-48.0500 -9.1600 0.0000
-46.9500 -9.1600 0.0000
-46.9500 -9.1600 0.0000
-46.9500 -8.0824 0.0000
-46.9500 -7.0047 0.0000
-46.9500 -5.9271 0.0000
-46.9500 -4.8494 0.0000
-46.9500 -3.7718 0.0000
-46.9500 -2.6941 0.0000
-46.9500 -1.6165 0.0000
-46.9500 -0.5388 0.0000
-46.9500 0.5388 0.0000
-46.9500 1.6165 0.0000
-46.9500 2.6941 0.0000
-46.9500 3.7718 0.0000
-46.9500 4.8494 0.0000
-46.9500 5.9271 0.0000
-46.9500 7.0047 0.0000
-46.9500 8.0824 0.0000
-46.9500 9.1600 0.0000
-46.9500 9.1600 0.0000
-48.0500 9.1600 0.0000
-49.1500 9.1600 0.0000
-50.2500 9.1600 0.0000
-51.3500 9.1600 0.0000
-52.4500 9.1600 0.0000
52.4500 -33.9500 0.0000
51.4216 -33.9500 0.0000
50.3931 -33.9500 0.0000
49.3647 -33.9500 0.0000
48.3363 -33.9500 0.0000
47.3078 -33.9500 0.0000
46.2794 -33.9500 0.0000
45.2510 -33.9500 0.0000
44.2225 -33.9500 0.0000
43.1941 -33.9500 0.0000
42.1657 -33.9500 0.0000
41.1373 -33.9500 0.0000
40.1088 -33.9500 0.0000
39.0804 -33.9500 0.0000
38.0520 -33.9500 0.0000
37.0235 -33.9500 0.0000
35.9951 -33.9500 0.0000
34.9667 -33.9500 0.0000
33.9382 -33.9500 0.0000
32.9098 -33.9500 0.0000
31.8814 -33.9500 0.0000
30.8529 -33.9500 0.0000
29.8245 -33.9500 0.0000
28.7961 -33.9500 0.0000
27.7676 -33.9500 0.0000
26.7392 -33.9500 0.0000
25.7108 -33.9500 0.0000
24.6824 -33.9500 0.0000
23.6539 -33.9500 0.0000
22.6255 -33.9500 0.0000
21.5971 -33.9500 0.0000
20.5686 -33.9500 0.0000
19.5402 -33.9500 0.0000
18.5118 -33.9500 0.0000
17.4833 -33.9500 0.0000
16.4549 -33.9500 0.0000
15.4265 -33.9500 0.0000
14.3980 -33.9500 0.0000
13.3696 -33.9500 0.0000
12.3412 -33.9500 0.0000
11.3127 -33.9500 0.0000
10.2843 -33.9500 0.0000
9.2559 -33.9500 0.0000
8.2275 -33.9500 0.0000
7.1990 -33.9500 0.0000
6.1706 -33.9500 0.0000
5.1422 -33.9500 0.0000
4.1137 -33.9500 0.0000
3.0853 -33.9500 0.0000
2.0569 -33.9500 0.0000
1.0284 -33.9500 0.0000
0.0000 -33.9500 0.0000
52.4500 33.9500 0.0000
51.4216 33.9500 0.0000
50.3931 33.9500 0.0000
49.3647 33.9500 0.0000
48.3363 33.9500 0.0000
47.3078 33.9500 0.0000
46.2794 33.9500 0.0000
45.2510 33.9500 0.0000
44.2225 33.9500 0.0000
43.1941 33.9500 0.0000
42.1657 33.9500 0.0000
41.1373 33.9500 0.0000
40.1088 33.9500 0.0000
39.0804 33.9500 0.0000
38.0520 33.9500 0.0000
37.0235 33.9500 0.0000
35.9951 33.9500 0.0000
34.9667 33.9500 0.0000
33.9382 33.9500 0.0000
32.9098 33.9500 0.0000
31.8814 33.9500 0.0000
30.8529 33.9500 0.0000
29.8245 33.9500 0.0000
28.7961 33.9500 0.0000
27.7676 33.9500 0.0000
26.7392 33.9500 0.0000
25.7108 33.9500 0.0000
24.6824 33.9500 0.0000
23.6539 33.9500 0.0000
22.6255 33.9500 0.0000
21.5971 33.9500 0.0000
20.5686 33.9500 0.0000
19.5402 33.9500 0.0000
18.5118 33.9500 0.0000
17.4833 33.9500 0.0000
16.4549 33.9500 0.0000
15.4265 33.9500 0.0000
14.3980 33.9500 0.0000
13.3696 33.9500 0.0000
12.3412 33.9500 0.0000
11.3127 33.9500 0.0000
10.2843 33.9500 0.0000
9.2559 33.9500 0.0000
8.2275 33.9500 0.0000
7.1990 33.9500 0.0000
6.1706 33.9500 0.0000
5.1422 33.9500 0.0000
4.1137 33.9500 0.0000
3.0853 33.9500 0.0000
2.0569 33.9500 0.0000
1.0284 33.9500 0.0000
0.0000 33.9500 0.0000
-52.4500 -33.9500 0.0000
-51.4216 -33.9500 0.0000
-50.3931 -33.9500 0.0000
-49.3647 -33.9500 0.0000
-48.3363 -33.9500 0.0000
-47.3078 -33.9500 0.0000
-46.2794 -33.9500 0.0000
-45.2510 -33.9500 0.0000
-44.2225 -33.9500 0.0000
-43.1941 -33.9500 0.0000
-42.1657 -33.9500 0.0000
-41.1373 -33.9500 0.0000
-40.1088 -33.9500 0.0000
-39.0804 -33.9500 0.0000
-38.0520 -33.9500 0.0000
-37.0235 -33.9500 0.0000
-35.9951 -33.9500 0.0000
-34.9667 -33.9500 0.0000
-33.9382 -33.9500 0.0000
-32.9098 -33.9500 0.0000
-31.8814 -33.9500 0.0000
-30.8529 -33.9500 0.0000
-29.8245 -33.9500 0.0000
-28.7961 -33.9500 0.0000
-27.7676 -33.9500 0.0000
-26.7392 -33.9500 0.0000
-25.7108 -33.9500 0.0000
-24.6824 -33.9500 0.0000
-23.6539 -33.9500 0.0000
-22.6255 -33.9500 0.0000
-21.5971 -33.9500 0.0000
-20.5686 -33.9500 0.0000
-19.5402 -33.9500 0.0000
-18.5118 -33.9500 0.0000
-17.4833 -33.9500 0.0000
-16.4549 -33.9500 0.0000
-15.4265 -33.9500 0.0000
-14.3980 -33.9500 0.0000
-13.3696 -33.9500 0.0000
-12.3412 -33.9500 0.0000
-11.3127 -33.9500 0.0000
-10.2843 -33.9500 0.0000
-9.2559 -33.9500 0.0000
-8.2275 -33.9500 0.0000
-7.1990 -33.9500 0.0000
-6.1706 -33.9500 0.0000
-5.1422 -33.9500 0.0000
-4.1137 -33.9500 0.0000
-3.0853 -33.9500 0.0000
-2.0569 -33.9500 0.0000
-1.0284 -33.9500 0.0000
0.0000 -33.9500 0.0000
-52.4500 33.9500 0.0000
-51.4216 33.9500 0.0000
-50.3931 33.9500 0.0000
-49.3647 33.9500 0.0000
-48.3363 33.9500 0.0000
-47.3078 33.9500 0.0000
-46.2794 33.9500 0.0000
-45.2510 33.9500 0.0000
-44.2225 33.9500 0.0000
-43.1941 33.9500 0.0000
-42.1657 33.9500 0.0000
-41.1373 33.9500 0.0000
-40.1088 33.9500 0.0000
-39.0804 33.9500 0.0000
-38.0520 33.9500 0.0000
-37.0235 33.9500 0.0000
-35.9951 33.9500 0.0000
-34.9667 33.9500 0.0000
-33.9382 33.9500 0.0000
-32.9098 33.9500 0.0000
-31.8814 33.9500 0.0000
-30.8529 33.9500 0.0000
-29.8245 33.9500 0.0000
-28.7961 33.9500 0.0000
-27.7676 33.9500 0.0000
-26.7392 33.9500 0.0000
-25.7108 33.9500 0.0000
-24.6824 33.9500 0.0000
-23.6539 33.9500 0.0000
-22.6255 33.9500 0.0000
-21.5971 33.9500 0.0000
-20.5686 33.9500 0.0000
-19.5402 33.9500 0.0000
-18.5118 33.9500 0.0000
-17.4833 33.9500 0.0000
-16.4549 33.9500 0.0000
-15.4265 33.9500 0.0000
-14.3980 33.9500 0.0000
-13.3696 33.9500 0.0000
-12.3412 33.9500 0.0000
-11.3127 33.9500 0.0000
-10.2843 33.9500 0.0000
-9.2559 33.9500 0.0000
-8.2275 33.9500 0.0000
-7.1990 33.9500 0.0000
-6.1706 33.9500 0.0000
-5.1422 33.9500 0.0000
-4.1137 33.9500 0.0000
-3.0853 33.9500 0.0000
-2.0569 33.9500 0.0000
-1.0284 33.9500 0.0000
0.0000 33.9500 0.0000
0.0000 -33.9500 0.0000
0.0000 -32.9167 0.0000
0.0000 -31.8833 0.0000
0.0000 -30.8500 0.0000
0.0000 -29.8167 0.0000
0.0000 -28.7833 0.0000
0.0000 -27.7500 0.0000
0.0000 -26.7167 0.0000
0.0000 -25.6833 0.0000
0.0000 -24.6500 0.0000
0.0000 -23.6167 0.0000
0.0000 -22.5833 0.0000
0.0000 -21.5500 0.0000
0.0000 -20.5167 0.0000
0.0000 -19.4833 0.0000
0.0000 -18.4500 0.0000
0.0000 -17.4167 0.0000
0.0000 -16.3833 0.0000
0.0000 -15.3500 0.0000
0.0000 -14.3167 0.0000
0.0000 -13.2833 0.0000
0.0000 -12.2500 0.0000
0.0000 -11.2167 0.0000
0.0000 -10.1833 0.0000
0.0000 -9.1500 0.0000
0.0000 -9.1500 0.0000
0.0000 -8.0062 0.0000
0.0000 -6.8625 0.0000
0.0000 -5.7188 0.0000
0.0000 -4.5750 0.0000
0.0000 -3.4313 0.0000
0.0000 -2.2875 0.0000
0.0000 -1.1438 0.0000
0.0000 0.0000 0.0000
0.0000 0.0000 0.0000
0.0000 1.1438 0.0000
0.0000 2.2875 0.0000
0.0000 3.4313 0.0000
0.0000 4.5750 0.0000
0.0000 5.7188 0.0000
0.0000 6.8625 0.0000
0.0000 8.0062 0.0000
0.0000 9.1500 0.0000
0.0000 9.1500 0.0000
0.0000 10.1833 0.0000
0.0000 11.2167 0.0000
0.0000 12.2500 0.0000
0.0000 13.2833 0.0000
0.0000 14.3167 0.0000
0.0000 15.3500 0.0000
0.0000 16.3833 0.0000
0.0000 17.4167 0.0000
0.0000 18.4500 0.0000
0.0000 19.4833 0.0000
0.0000 20.5167 0.0000
0.0000 21.5500 0.0000
0.0000 22.5833 0.0000
0.0000 23.6167 0.0000
0.0000 24.6500 0.0000
0.0000 25.6833 0.0000
0.0000 26.7167 0.0000
0.0000 27.7500 0.0000
0.0000 28.7833 0.0000
0.0000 29.8167 0.0000
0.0000 30.8500 0.0000
0.0000 31.8833 0.0000
0.0000 32.9167 0.0000
0.0000 33.9500 0.0000
36.0718 7.4025 0.0000
35.2857 6.7619 0.0000
34.5753 6.0383 0.0000
33.9494 5.2405 0.0000
33.4156 4.3784 0.0000
32.9804 3.4625 0.0000
32.6493 2.5040 0.0000
32.4263 1.5148 0.0000
32.3141 0.5070 0.0000
32.3141 -0.5070 0.0000
32.4263 -1.5148 0.0000
32.6493 -2.5040 0.0000
32.9804 -3.4625 0.0000
33.4156 -4.3784 0.0000
33.9494 -5.2405 0.0000
34.5753 -6.0383 0.0000
35.2857 -6.7619 0.0000
36.0718 -7.4025 0.0000
-36.0718 7.4025 0.0000
-35.2857 6.7619 0.0000
-34.5753 6.0383 0.0000
-33.9494 5.2405 0.0000
-33.4156 4.3784 0.0000
-32.9804 3.4625 0.0000
-32.6493 2.5040 0.0000
-32.4263 1.5148 0.0000
-32.3141 0.5070 0.0000
-32.3141 -0.5070 0.0000
-32.4263 -1.5148 0.0000
-32.6493 -2.5040 0.0000
-32.9804 -3.4625 0.0000
-33.4156 -4.3784 0.0000
-33.9494 -5.2405 0.0000
-34.5753 -6.0383 0.0000
-35.2857 -6.7619 0.0000
-36.0718 -7.4025 0.0000
9.1500 0.0000 0.0000
9.0945 1.0066 0.0000
8.9285 2.0009 0.0000
8.6542 2.9710 0.0000
8.2749 3.9050 0.0000
7.7951 4.7916 0.0000
7.2206 5.6200 0.0000
6.5586 6.3803 0.0000
5.8169 7.0630 0.0000
5.0046 7.6601 0.0000
4.1315 8.1641 0.0000
3.2083 8.5691 0.0000
2.2462 8.8700 0.0000
1.2568 9.0633 0.0000
0.2521 9.1465 0.0000
-0.7556 9.1187 0.0000
-1.7542 8.9803 0.0000
-2.7314 8.7328 0.0000
-3.6755 8.3793 0.0000
-4.5750 7.9241 0.0000
-5.4190 7.3728 0.0000
-6.1971 6.7319 0.0000
-6.9001 6.0093 0.0000
-7.5193 5.2137 0.0000
-8.0472 4.3549 0.0000
-8.4774 3.4432 0.0000
-8.8048 2.4897 0.0000
-9.0252 1.5060 0.0000
-9.1361 0.5041 0.0000
-9.1361 -0.5041 0.0000
-9.0252 -1.5060 0.0000
-8.8048 -2.4897 0.0000
-8.4774 -3.4432 0.0000
-8.0472 -4.3549 0.0000
-7.5193 -5.2137 0.0000
-6.9001 -6.0093 0.0000
-6.1971 -6.7319 0.0000
-5.4190 -7.3728 0.0000
-4.5750 -7.9241 0.0000
-3.6755 -8.3793 0.0000
-2.7314 -8.7328 0.0000
-1.7542 -8.9803 0.0000
-0.7556 -9.1187 0.0000
0.2521 -9.1465 0.0000
1.2568 -9.0633 0.0000
2.2462 -8.8700 0.0000
3.2083 -8.5691 0.0000
4.1315 -8.1641 0.0000
5.0046 -7.6601 0.0000
5.8169 -7.0630 0.0000
6.5586 -6.3803 0.0000
7.2206 -5.6200 0.0000
7.7951 -4.7916 0.0000
8.2749 -3.9050 0.0000
8.6542 -2.9710 0.0000
8.9285 -2.0009 0.0000
9.0945 -1.0066 0.0000
9.1500 -0.0000 0.0000
